1_Bees	3_Ant	6_Wasps	2_Coleopterans	4_Dipterans	5_Lepidopterans	total
60.8	0.0	7.5	20.0	0.0	11.7	1.0
84.0	4.0	4.0	0.0	4.0	4.0	4.0
85.8	0.0	0.0	0.9	13.2	0.0	4.0
85.7	0.0	0.0	14.3	0.0	0.0	5.0
47.4	1.0	0.0	45.4	5.2	1.0	5.0
63.0	0.0	0.0	0.0	37.0	0.0	3.0
29.4	5.8	0.0	58.8	3.9	2.0	3.0
85.2	10.4	0.0	3.5	0.9	0.0	4.0
11.2	79.5	0.8	7.2	1.1	0.2	5.0
95.9	1.3	0.0	0.9	1.7	0.2	3.0
46.2	7.5	0.9	15.1	29.2	0.9	5.0
50.7	30.8	0.0	7.7	7.7	0.0	5.0
58.0	0.0	1.6	12.9	27.4	0.0	2.0
48.5	32.3	0.0	19.2	0.0	0.0	1.0
15.6	0.5	0.5	8.9	5.2	69.3	1.0
40.5	11.5	0.5	39.8	0.9	6.8	1.0
11.8	0.0	0.0	0.8	28.6	58.8	3.0
77.9	0.2	3.3	16.7	0.7	1.2	4.0
18.7	4.9	0.6	75.4	0.3	0.1	4.0
18.7	0.2	7.0	68.1	2.5	3.5	4.0
30.9	2.0	0.0	50.4	16.7	0.0	4.0
37.2	15.1	1.2	7.0	39.5	0.0	4.0
3.9	1.0	3.2	83.9	7.3	0.7	4.0
3.2	40.6	0.5	53.7	1.9	0.0	4.0
11.9	26.6	8.6	40.4	11.0	1.5	4.0
77.9	0.0	1.5	5.9	0.0	14.7	3.0
10.4	0.0	0.0	83.9	5.7	0.0	3.0
11.7	7.0	0.3	76.2	3.1	1.6	3.0
46.4	0.0	4.7	35.6	13.3	0.0	5.0
14.8	1.6	1.6	53.3	0.0	28.7	5.0
0.7	28.6	0.4	69.1	1.2	0.0	5.0
46.7	2.5	0.0	32.8	18.0	0.0	4.0
71.4	0.0	9.2	4.1	0.0	15.3	3.0
61.7	11.3	0.9	18.4	1.5	6.2	3.0
76.4	1.3	8.8	9.1	3.5	0.9	3.0
29.6	0.0	3.7	42.0	17.3	7.4	3.0
93.8	1.2	0.4	3.1	1.6	0.0	3.0
92.1	0.0	2.4	0.0	4.8	0.8	3.0
59.5	0.9	3.6	2.7	19.8	13.5	5.0
32.0	0.0	0.0	1.0	67.0	0.0	4.0
1.9	51.0	1.9	4.2	40.5	0.4	5.0
2.3	41.6	2.0	1.2	52	0.8	5.0
27.4	11.3	2.7	25.3	33.3	0.0	5.0
2.8	65.7	7.4	12.0	12.0	0.0	5.0
30.1	15.4	4.9	12.6	37.0	0.0	5.0
10.2	44.4	18.7	21.4	5.3	0.0	5.0
3.6	77.6	5.8	6.7	6.3	0.0	5.0
7.7	0.0	0.0	92.3	0.0	0.0	5.0
62.0	2.0	0.0	6.0	24.0	0.0	5.0
20.3	0.0	1.4	39.2	37.8	1.4	5.0
24.0	0.0	0.0	69.0	6.9	0.0	3.0
47.7	33.1	2.1	9.7	2.2	5.2	1.0
20.7	53.1	0.0	25.5	0.7	0.0	1.0
53.8	0.0	5.7	19.8	0.9	19.8	1.0
8.2	5.6	3.1	66.8	15.8	0.5	4.0
60.0	32.3	0.0	4.6	0.0	3.1	3.0
71.6	0.0	0.0	0.2	26.2	2.0	3.0
78.2	0.6	0.0	5.4	15.8	0.0	5.0
15.8	76.2	1.0	5.0	1.0	1.0	3.0
78.9	3.5	0.0	12.3	0.0	5.3	3.0
100.0	0.0	0.0	0.0	0.0	0.0	3.0
93.0	7.0	0.0	0.0	0.0	0.0	3.0
95.5	0.2	0.0	1.0	2.0	1.2	3.0
100.0	0.0	0.0	0.0	0.0	0.0	4.0
91.4	0.0	1.2	2.5	4.9	0.0	4.0
68.4	15.8	0.0	4.5	1.5	9.8	1.0
61.0	9.2	0.1	7.4	22.3	0.0	4.0
7.5	7.5	2.3	49.6	30.1	3.0	4.0
38.1	15.5	0.0	17.5	28.9	0.0	2.0
68.6	0.0	0.0	22.5	8.8	0.0	4.0
79.6	0.0	5.5	2.8	0.0	12.2	3.0
78.8	0.0	3.8	5.8	11.5	0.0	3.0
38.7	0.0	0.0	4.8	56.5	0.0	2.0
94.0	0.0	0.0	0.0	6.0	0.0	3.0
91.0	0.0	3.0	3.5	2.0	0.5	2.0
44.2	30.8	11.5	13.5	0.0	0.0	2.0
29.9	0.0	0.4	65.6	0.0	4.0	1.0
43.6	0.0	32.7	9.6	4.0	10.1	3.0
97.0	0.0	0.0	3.0	0.0	0.0	3.0
17.8	0.0	3.3	78.9	0.0	0.0	4.0
23.0	55.1	7.3	1.1	13.5	0.0	5.0
12.2	73.1	2.1	12.2	0.4	0.0	3.0
94.1	0.0	0.0	2.7	3.0	0.3	3.0
45.0	46	3	5	0	1	3.0
51.7	14.6	1.1	14.6	15.7	2.2	5.0
30.0	2.0	6.0	58.0	4.0	0.0	4.0
78.9	9.2	0.7	11.3	0.0	0.0	5.0
96.4	1.2	0.4	1.2	0.8	0.0	5.0
94.0	0.5	0.6	0.4	4.0	0.6	3.0
87.9	3.9	1.4	4.1	2.8	0.0	3.0
67.9	5.7	1.9	11.3	11.3	1.9	5.0
53.9	10.5	17.1	13.2	0.0	5.3	4.0
98.3	0.0	1.0	0.3	0.0	0.3	3.0
74	2.6	1.3	1.3	20.8	0	3.0
61.4	8.2	1.3	18.5	4.7	6.0	3.0
26.4	0.0	0.0	3.8	28.3	41.5	3.0
90.0	2.0	2.0	0.0	6.0	0.0	5.0
71.7	4.7	11.3	10.4	1.9	0.0	4.0
60.8	1.6	9.6	28.0	0.0	0.0	4.0
74.4	13.7	2.6	2.6	1.3	5.3	3.0
38.9	13.0	0.0	33.3	14.8	0.0	5.0
58.0	12.1	0.0	23.9	5.7	0.2	5.0
11.9	6.7	0.0	75.9	5.6	0.0	2.0
82.6	12.2	0.6	1.7	2.9	0.0	3.0
0.0	0	0	0	0	100	1
8.6	3.6	1.8	1.1	84.2	0.7	5.0
70.1	4.0	6.7	4.5	10.2	4.5	5.0
24.3	6.7	1.4	45.2	14.3	8.1	4.0
96.8	0.0	0.0	0.0	3.2	0.0	2.0
48.6	7.3	0.0	40.9	3.2	0.0	5.0
83.6	0.0	0.0	4.1	0.0	12.3	3.0
